77 117 1 26 40 44 45 1552 2468 3 
1342 242 15 4 861 9 1 1 92 3 
1342 242 15 4 861 9 21994 4242 6336 3 
4 187 18 374 6 11 215 16 25892 3 
43256 31 50 5 1092 5267 23 84 29534 3 
24 3089 32 48 275 634 101 24 1 3 
1 12 11 159 8 56 5 27214 1 1 3 
966 2281 12777 2100 5530 7 99 5646 2623 3 
22 244 9011 206 2 27 20 1282 1677 3 
11 294 14 7183 188 5 253 1 12 464 65 
24 497 39532 1 48 7815 6 3423 9 29163 3 
20 80 334 4 8922 327 6 699 286 41447 3 
146 136 1 6 24 866 16235 31 464 3 
1 2220 32 44 5 800 9 1 507 3 
8 203 297 1820 1 2 30592 6 1 3 
25 482 746 17 4 18041 5 5413 1561 3 
36 320 42 20 11 2001 97 3320 1908 3 
45657 128 6334 221 2 5753 1310 52 1202 65 
491 215 534 43 24 1547 1017 6 2423 3 
20 42 19 1 52 1162 2 4 4130 12 3 
4 701 18 3736 59 17831 106 5666 3379 26 3 
37 78 2865 1 2 46 1 1 3320 28608 3 
205 42 20 60 58 546 96 5289 323 3 
2946 2707 4318 18 4334 39 13374 6 1 33 
4702 1 1 2 1 1 27602 1 1 3 
89 536 19 4153 15228 9 13530 8 770 3 
48 1054 59 189 507 5 945 10 1 3 
1342 242 15 4 861 9 37837 92 5400 3 
7 32332 3990 133 4995 209 198 17 60 3 
1342 242 15 4 861 9 23094 2615 1 3 
3119 20 60 2675 17 4 2687 5439 1050 3 
5 9521 2231 171 26599 105 12881 6 5426 3 
1342 242 15 4 861 9 92 12534 29949 3 
19323 1413 20 11 2960 4916 30 70 12032 66 3 
1293 1 127 57 4 28107 590 5 1 1 3 
1342 242 15 4 861 9 11185 1923 45314 3 
1342 242 15 4 861 9 5101 6083 1 3 
5050 12 30 36 8231 1 759 7 5 5642 3 
700 2428 38 8774 26 566 23 2160 38 5777 65 
20366 17 19 19861 7 10 1 6 1 3 
11 93 75 3770 3 2620 617 5103 344 3 
22 102 209 74 4415 18 3474 1 8 1 3 
19 62 1 745 106 334 129 5175 5635 3 
72 106 1 7 10 471 1043 154 427 81 
30 24 2864 57 11 43377 14 2641 5002 29 3 
30 87 961 22 1142 45 1045 18 1311 3 
11 12 58 24 34073 2 64 24 2742 3 
6792 3414 12 4 33539 253 5 20930 341 3 
19 35243 48516 17 28 5059 14 879 8 1238 3 
25 585 316 1297 1257 96 156 17 49 213 3 
22 12 24 10705 263 2 64 22 12 41799 3 
111 708 29 5 2841 1945 1310 3672 6 24948 3 
1342 242 15 4 861 9 1156 858 92 3 
1342 242 15 4 861 9 1 3143 1 3 
388 4984 22 431 2 388 200 15 22 231 3 
24 13053 8 1179 314 23 4 1145 891 3 
1342 242 15 4 861 9 1 7935 2623 3 
15786 10689 905 218 11943 6 44 2756 30 2310 3 
1881 127 4 4388 1676 5 33187 5 69 3082 3 
11 9962 1990 96 856 920 88 3648 827 3 
1342 242 15 4 861 9 1459 99 48298 3 
1342 242 15 4 861 9 99 41237 21668 3 
4 3470 1 32 48 41836 1 7 1812 634 3 
11 197 4 38194 18 63 4945 8154 14741 3 
19654 12 4785 13 10 616 45 13046 449 3 
205 106 30 49 152 1235 17 10 19055 3 
15672 245 24 2343 21 4 1303 39327 1 597 3 
1 79 1 1 79 2 16 11991 10665 6355 3 
49 2084 12 55 51 19 2643 1882 5 336 3 
404 12131 99 17972 173 99 92 145 99 6083 3 
7894 1157 31 22 1 2 1 6 1 3 
44 23915 9593 6540 2262 1725 58 4194 37831 35 3 
388 5129 22 114 30 34637 21908 21 481 3 
167 5 2821 18 39552 31 30756 8129 8 9212 3 
1342 242 15 4 861 9 1 2174 92 3 
1 997 1 2 1 294 1 997 1 3 
1368 15 22 23 2 456 15 16435 403 3 
309 3590 395 3732 1 1 139 27197 1147 3 
20 42 77 1 307 1 13 15 9651 3 
20 427 4 537 1 1972 6 832 45081 1 3 
12 8504 6 37566 2 20089 12 176 25385 3 
1147 15 52 789 7 473 1 1175 6 52 842 
4 1 1 12 7 539 322 1 2006 3 
1 1 1 1 1330 1 1 4232 1 1 2815 
1099 15 2153 27 82 16744 139 1 582 81 
19 21017 18153 61 88 8 329 979 4662 65 
13958 13 32131 572 2804 33 1891 332 2804 34 3 
183 48 2299 160 15 87 178 2595 174 3 
15 598 29 184 176 7 5 10339 18 10704 3 
77 3334 42 51 1481 3771 2 370 4 8675 65 
147 59 298 527 2761 18 471 26023 78 3 
16 132 1 160 15 17 67 843 17453 662 3 
4551 5 1 2440 2817 29007 808 19 136 1 3 
228 10151 46 5 26779 412 5516 1 683 81 
25 91 194 2228 9050 8 59 5158 1239 3159 3 
1342 242 15 4 861 9 40256 21668 4381 3 
95 8813 6 712 1114 6 892 1 6 1 3 
15 31 181 2658 2 95 2190 7601 1 3 
1 16399 47 72 395 25 36 1 909 81 
76 100 2 20 248 66 56 9231 1 263 3 
74 2019 747 1163 1 5983 267 33 1 34 3 
1238 15 16 45688 3235 155 1905 122 1 3 
1342 242 15 4 861 9 1459 18543 4827 3 
2982 3856 43 20406 21 1 33 12311 34 33 
3140 1041 402 28 2018 302 29 24 1547 1 3 
11 9856 12 16 12457 3833 25295 7492 802 3 
1712 246 20 2 298 53 2760 21846 10937 42 3 
5 4485 46 23 13 1 9 1761 41852 3 
21 7615 71 22 7 41 11309 1 41 13709 3 
4 1 31 1 7 109 1320 101 777 3 
22 12 75 1502 35 24 1 8 293 3 
1712 26 14083 788 17 172 7158 18 33101 1299 3 
1 12 121 70 4 1 4677 5 803 3 
1342 242 15 4 861 9 11573 92 34668 3 
1342 242 15 4 861 9 15185 20028 4381 3 
575 59 489 31 4 362 134 75 4236 3 
20254 16630 11 96 31189 1 3094 271 267 3 
4 27641 106 134 2632 2 12281 6 36663 78 3 
1342 242 15 4 861 9 92 13067 27082 3 
49 12 57 4 1 33 594 34 5990 3 
24898 6 22442 17 443 247 16 1 5648 2015 3 
76 100 2 25 946 4 2494 525 75 3 
440 4 270 1318 2335 88 48 17055 31 9059 3 
212 290 10448 10233 31 2892 6 40716 1415 3 
4 1 93 23 10395 15255 5 313 5007 3 
1342 242 15 4 861 9 19966 23119 14768 3 
24 752 32 41459 16 138 1 6019 408 3 
10 2286 177 14039 8226 5 2522 29012 7203 11255 3 
4 69 61 186 10 593 48 1 23 319 3 
11 197 4 777 5 2862 1171 17 333 1371 3 
59 416 71 315 138 9 117 609 1554 3 
6 1229 1 29 158 271 17 10 1 3 
13025 2 19 18702 62 1 40 122 2056 3 
1813 7 10 3246 3 5818 1196 6 6122 215 3 
955 15 87 95 270 436 7867 50 28 1 3 
7 1066 1 244 64 30 4 870 5 1 3 
21 142 515 127 676 699 21462 1 4710 3 
573 954 4 69 114 7 59 152 413 3935 81 
566 26 4 4460 28591 13 4 1483 5 687 3 
22143 12 19 858 19214 10067 16 1 21242 3 
1791 2 3521 38 1999 32 7 19 34463 1 3 
40 147 1 79 1 102 22 332 142 81 
1 14 6407 26 201 911 7 8584 771 1329 3 
224 1938 98 1141 21 215 5 2284 3574 65 
16849 2 4397 38 11965 9 5179 272 1871 3 
25 4362 11 30 21 4137 2648 75 1726 3 
574 1399 44 193 107 8502 23681 4357 24 3 
699 94 1 8 10 1082 272 6 254 418 856 
97 5 26238 12 11 2598 97 8198 1 3 
42 15 214 8 9529 38 42 15 1 3309 81 
239 12 2 68 4 1883 13 22128 1063 32 3 
130 1082 1 160 15 17 226 1 373 1 65 
21608 2 1 38 1 6 9245 48 25350 1 3 
11 1335 5 1 3624 7 5 25680 5 35490 3 
4 1 46 4 1036 1 306 1 785 1940 3 
158 80 147 196 2 17568 196 2 46532 26 3 
97 252 1082 1 21 188 7315 71 111 1309 3 
167 1003 12 73 1 74 1065 1 7529 3 
89 102 90 4 283 95 3750 1905 8 8414 3 
1342 242 15 4 861 9 1 125 1492 3 
99 18022 2975 26958 145 7490 1354 32868 29480 3 
1 47 87 469 82 4 8621 7686 13652 3 
1342 242 15 4 861 9 55 14727 8271 3 
204 1186 1 3720 4 1 1768 18 1 1 3 
1342 242 15 4 861 9 754 42101 17048 3 
30 17096 20 924 60 180 10 6937 5451 1 3 
334 498 151 30 4 695 97 13653 5481 3 
2367 93 5 1436 5833 7937 436 508 323 3 
1856 2 1552 6 832 9 1 6912 3 1 3 
4 215 21 1 31 77 12275 6 289 4461 116 
18079 50 132 1 55 1782 33 729 4182 65 
1497 15 7899 4214 1 48 8327 113 13587 2332 65 
1342 242 15 4 861 9 1 1156 92 3 
20 365 16 9151 4149 2195 6 10 11250 1 3 
4 1388 2406 13 3406 1 21 9186 6 1 3 
47467 1353 99 9341 519 72 17206 441 12821 3 
10 1873 132 3805 256 24 9078 1900 48 275 3 
25 165 229 11 263 5 472 6 5 506 3 
4 37691 1 535 3732 238 42161 196 21 2911 3 
167 560 1 18 22369 1 14 3579 14 1 3 
671 71 73 13 43 11686 391 15266 37463 15427 3 
1342 242 15 4 861 9 1 1160 14256 3 
21 1 26 1 88 8 1141 3412 420 1 3 
87 12 357 48 25815 24 155 902 188 3 
57 19 2317 1634 26 1 7 4 32366 1 3 
205 656 15 7 203 14225 14 1840 3976 1408 3 
34458 6 1 31 3680 24 48156 33444 5 3395 3 
217 102 22 976 2 24 43456 13294 3724 3 
13 124 58 249 29423 580 12 19 8624 492 3 
1342 242 15 4 861 9 92 1 16915 3 
1255 10 2972 14 405 535 15 621 121 1 3 
77 6072 2 37 51 3544 1022 8 2107 3 
5 2758 2159 171 383 2 40 20 874 170 3 
87 160 15 51 1 5 12709 96 2507 920 3 
158 141 4 18757 14 1552 1049 6 20854 6832 3 
21 1 26 1 6 1 101 5676 1329 3 
7 83 2247 245 20 90 183 1 26978 35 116 
99 5596 173 99 1 12653 300 433 4959 3 
1169 15 19 7968 1517 7 5 1 28023 3 
21 504 1 71 1 16 75 259 516 1448 3 
1342 242 15 4 861 9 1 27667 1 3 
4 10292 14 284 32 28 1606 108 1979 3 
4 1689 177 31 36 1 21 108 4341 3 
15 127 7 5 5263 17 130 1 21500 3 
4 32205 32 57 10 8541 1 48 1 3 
50 83 387 71 11 7777 14 22584 5351 3 
206 401 102 22 5998 14 3650 21 562 4320 3 
82 1385 2 76 295 2 68 282 5360 348 3 
86 2379 2381 1974 9 5 1 5 24742 201 3 
1342 242 15 4 861 9 16313 21126 92 3 
699 7216 16 10509 139 33742 33 608 4259 34 3 
13 833 2 4 600 2107 130 958 74 758 116 
73 32 21 34174 25323 6 34288 15191 47398 3 
1342 242 15 4 861 9 1 6471 92 3 
554 3591 11 48413 18 603 27819 1036 569 3 
5345 736 14135 16 1944 3235 225 90 280 3 
55 117 80 10149 14 1 8166 3577 26 3 
1342 242 15 4 861 9 26155 15351 92 3 
4 103 1446 186 24 1208 48 1054 1701 189 3 
4 694 5 2033 80 5 69 752 816 3340 3 
27436 1 27421 3320 1 1 1 7172 1 6771 
13 67 3049 289 20 90 24 44055 11932 3 
16 10 2565 1645 64 53 20 209 291 3 
44 309 59 238 1120 567 336 19 13886 331 3 
7 1791 2223 25 15 21 471 142 2568 3 
1342 242 15 4 861 9 92 17561 3248 3 
239 93 30 2 27 147 1 507 127 3 
1 12 122 19377 10786 13 45580 6 129 380 3 
167 2059 46 4 2829 35 1642 279 2753 3 
2839 916 293 1152 21 19819 6 24781 3935 3 
21 1917 840 651 22 503 1731 9 1 279 3 
1 12 24 10786 13 45580 7 16717 2 2743 3 
1342 242 15 4 861 9 92 1492 1 3 
44628 38404 6 1 32381 5643 19 35616 1005 3 
1342 242 15 4 861 9 21994 11 32543 3 
6376 1354 1 441 150 5025 173 564 20745 3 
551 6 95 13998 17 10 2325 31 1603 3 
1282 32 2068 729 38 36979 24013 282 620 4450 3 
1342 242 15 4 861 9 92 1431 22658 3 
600 245 20 130 1873 1032 24 3867 48 275 3 
1342 242 15 4 861 9 3673 218 33284 3 
11 1080 93 75 2944 2 9665 6 12696 3 
1541 91 87 44 255 8577 5 2422 30765 3 
26209 12 11 44 1 5 1790 8010 6 25820 3 
2547 1361 8852 1 3313 145 150 11923 1 3 
13652 47 87 469 82 4 8621 7686 13652 3 
1342 242 15 4 861 9 1 1 1 3 
6 70 126 12 22 24 6094 11126 1736 3 
11 3568 7 11 4 991 5415 38 8093 26 3 
18951 298 31 229 155 144 36 4 1 3 
1 13196 6 1 293 74 317 479 13619 48 1 
19 75 3109 1738 258 4 8825 18 34957 3 
59 1 420 201 6 61 371 1 26 3 
5 34836 171 58 15425 508 96 92 323 3 
15 26 130 958 7 2281 41452 1520 656 65 
15 42 22 36 34657 263 1554 2 66 154 65 
