103 5 2 68 2682 1132 882 197 6 19 1087 7 9 648 1413 4 
2 639 963 19 986 24 36 450 127 53 315 30 1 1 80 4 
2 639 963 19 986 24 36 450 127 53 315 30 16500 4322 5772 4 
439 572 46 3118 194 621 8 72 6 40 275 198 16 77 13643 4 
3735 18 10 553 7 230 5 9 5620 11 178 26 510 13767 5252 4 
9 1774 10 1467 30 45 2202 21 95 21 9 709 198 5 1123 4 
188 155 2 265 34 7496 7 20 51 5 2 2048 368 1755 1326 4 
66 147 552 466 552 198 40 472 245 4 80 456 98 674 1565 4 
49 10 2194 13 2 108 12 76 7 121 294 7 610 16 18 4 
1 47 43 16596 161 395 11422 43 2719 487 14 1618 10 100 559 4 
18469 10 9 2800 1403 648 1768 3 182 7 2082 6 7433 822 209 4 
44 17 52 112 35 3011 8 2 233 5 434 2745 352 6 778 4 
2 60 1795 10 559 3 8 2 8124 22 3911 9248 2245 1 6184 4 
2 7528 3057 2585 181 10 182 12 343 19727 14 6 14 980 9325 4 
461 36 450 19 2848 3576 3 2024 5450 3 2848 363 3 6 3576 4 
37 22 151 425 7 69 10 2475 12 117 7 838 218 2 482 4 
15 255 978 142 7 2917 3572 13 9 1798 1456 2244 68 3572 7367 4 
17371 187 38 20 3959 12 35 678 2608 44 34 7 20 3431 8035 109 
222 198 34 9 274 593 1727 1376 6 173 3017 14 2358 340 260 4 
17 25 9 10467 7845 3 9 1899 7845 3 28 10 9 1878 51 4 
50 3401 57 20 393 13 2 102 5 2 1925 5 65 1510 2129 4 
7 5344 15 1669 3 1 11191 1841 8 2 33858 802 5 2 1369 4 
11 10 256 17 25 67 23218 1198 9 457 29 2 61 47 252 4 
697 4 1248 2896 5 673 290 42 4528 6 2145 12 396 14 343 31 
4846 1 1 1 9017 1 43 1 1 43 1 1 1 1 1 4 
15 862 9 2614 10536 119 45 120 6 2 5288 5 1 72 17130 4 
1700 2849 3 21 68 5450 3 715 2360 3245 12 222 5775 30 49581 4 
2 639 963 19 986 24 36 450 127 53 315 30 28958 80 5068 4 
49 10 9 66 186 610 7 615 8 9 2449 479 707 5 72 4 
2 639 963 19 986 24 36 450 127 53 315 30 5674 2597 1 4 
815 3 355 76 112 2 233 3714 13 4741 14 6 14 7865 4133 4 
2 1454 5 3175 10 4366 277 119 2 755 432 6 2 2901 432 4 
2 639 963 19 986 24 36 450 127 53 315 30 80 28661 19641 4 
6 3 13 636 5 15 3 17 19 5277 448 354 778 13 72 4 
37 2 781 14 3015 837 1386 5 2 4847 396 5 2 4380 349 4 
2 639 963 19 986 24 36 450 127 53 315 30 11160 2453 16300 4 
2 639 963 19 986 24 36 450 127 53 315 30 4898 1123 1 4 
4428 10 41 9 88 5 2 113 292 1277 21 9 383 2271 1881 4 
45 170 2407 3 12661 32 6803 19 26 4957 32 1441 193 15 221 109 
307 13 9 2469 5 1720 3 563 14849 8612 6 74 32 8474 8612 4 
11 40 66 1565 3 6 12 18 22 171 7 938 94 1641 698 4 
49 10 9 186 610 7 26722 75 2 3641 5 2 2384 1172 851 4 
1231 29 92 35 9041 1970 3 18 34 7 20 16347 8 97 132 4 
44 1350 2 913 30 15 939 57 20 13 130 290 30 405 227 79 
307 13 9 1260 16 51 5 2 347 16371 14 39369 215 2611 217 4 
13 11 225 18 27 20 298 7 768 2 389 8 2 643 210 4 
11 125 20 124 9 190 5 2489 3 44 18 10 9 3035 51 4 
8 1713 14 28591 508 544 1061 40 8302 24 2 1 6 1 2403 4 
1 42 178 2 6628 108 7 20 1816 7 2 2314 37 2 72 79 
22 57 66 184 71 7 25 97 2685 29 2 111 7 65 535 4 
18 10 9 630 285 3 44 18 10 9 285 11 38 20 3001 4 
15 3014 11 9 1100 1257 196 38 20 4798 6 5971 30 86 72 4 
2 639 963 19 986 24 36 450 127 53 315 30 686 146 80 4 
2 639 963 19 986 24 36 450 127 53 315 30 1 2908 1 4 
762 97 87 171 11 4 762 11 10 78 97 87 171 7 1469 4 
2 2469 38 20 35 1814 30 1001 16417 7 6 762 530 2 8055 4 
2 639 963 19 986 24 36 450 127 53 315 30 1 639 224 4 
23 38 2738 7 2 2316 3438 3 1554 6 1027 117 54 23 71 4 
2589 3 2 1233 4638 5 2 4150 14 303 30 2 61 98 1014 4 
2 231 143 5 2 45691 2782 13 1120 3392 6 3652 13 1075 9795 4 
2 639 963 19 986 24 36 450 127 53 315 30 1679 2 4553 4 
2 639 963 19 986 24 36 450 127 53 315 30 2 16745 15498 4 
1 1065 1 10589 1 62 48239 7 37589 93 5 2 1 3753 3207 4 
11 52 220 5988 5 184 5 2 14143 5 2 2548 605 5 884 4 
367 14 227 598 10 1457 7 2 724 5 9 743 14 248 519 4 
15 249 64 144 41 20 283 7 2 1005 21 9 382 5 3872 4 
3023 215 8997 217 735 10 51 1882 8 2 1350 3057 11 7001 1665 4 
7 20 1587 13 11276 1 1059 4741 74 1 74 4 317 50 4395 109 
15 10 9 589 28 3 8 2 96 160 3 24020 9774 176 336 4 
1 30653 593 5792 1 1 1 1 161 4293 9742 161 1 5835 1 4 
11201 56 38 20 4968 21 4096 3 8842 3 6 907 14 3054 3128 4 
2 1413 5 22761 3173 1 12256 9 2217 1322 8 1257 6 1987 521 4 
762 15 52 155 41 272 1528 7 97 1280 584 8 2 242 418 4 
5352 3 188 2 7677 5 2 10038 3 20646 87 25 1379 53 1342 4 
2 639 963 19 986 24 36 450 127 53 315 30 38788 1753 80 4 
326 2737 3 1059 9776 140 2387 6132 331 9553 1080 9 1125 5 1825 4 
5404 19 18329 24 2006 42 54 56 98 26 3 56 52 307 11668 4 
2 1295 2164 72 12 222 2636 185 9 290 5 2715 10 43745 1 4 
17 2790 2074 97 5 2 226 13286 1851 329 1340 271 12 45 1 4 
17 384 2 113 59 63 103 3543 1855 6 920 5 10654 581 177 4 
77 16507 3 7265 936 10 4292 3 22 38 4445 2 7265 1334 100 4 
784 145 7 1 6 127 805 2011 784 480 378 2 4869 29140 1276 4 
1 10 17144 13 9 722 637 3020 24 9 95 469 17118 20870 9338 4 
1 1 1462 1 1 4087 1 1 5793 1 4087 741 28635 4865 1 135 
69 23 25 86 2084 54 31 79 79 33 361 10068 148 8 87 79 
9 2561 5 4661 3 12 50 107 714 642 5 2 143 109 109 109 
65 9321 27 6122 2 867 6 310 369 5 9 1103 8 51 1374 4 
12 1018 13 142 7 725 3 300 308 2 3137 1103 215 3010 217 4 
2 577 5536 13831 1882 27 1442 20 3331 83 4609 7 2 8099 5923 4 
8 202 223 1962 29 164 9448 34 9 1334 206 3 136 2 3566 109 
104 5 65 359 174 20 2 402 12 263 143 59 63 1233 99 4 
355 36 413 14384 1754 23 7 2 437 584 11 226 2535 45 317 4 
13 2 2622 5 2 6019 2398 14118 467 34 655 9 60 7864 7069 4 
78 2053 341 89 47 70 272 2 88 5 101 170 481 8 3545 79 
22 52 71 7 374 2 954 3 58 7813 3 7 15 237 72 4 
2 639 963 19 986 24 36 450 127 53 315 30 27464 15498 2201 4 
36 1214 230 6 769 8 9 1568 11 10 657 14 2914 6 308 4 
56 25 2 253 7 1282 93 5779 6 5613 16 36 1690 623 704 4 
15606 8893 46 78 38 22 1307 29 15606 8893 1030 24 22242 4 11424 79 
58 70 3 17 19 1693 9 285 28 10 66 1666 7 346 8608 4 
13 2 4630 5 125 3881 4675 3284 9 7966 30 2 1076 6 2999 4 
29567 1955 238 23 9 169 1645 5 1748 8 11177 45 1955 1252 209 4 
2 639 963 19 986 24 36 450 127 53 315 30 1679 13642 4713 4 
1241 4 8531 3568 2588 8 2 755 14 719 3164 31 12555 560 33 31 
3269 13 2 145 431 628 5 2 2643 49 10 9 748 2082 1445 4 
6 2020 49 19 1500 5520 3 2 1970 1009 52 887 8614 29 22606 4 
17 25 7050 11 2 1264 5 293 38 20156 7 35 13974 169 227 4 
2 8973 178 26 3547 25 7 715 12 2 6224 3283 126 24 1434 4 
193 2 216 5 2 943 970 18 40 9218 8 43 9460 1 43 4 
2 2214 5 1510 19 2934 8 2228 6 4148 3 1 498 7 1619 4 
4092 35 1256 10 311 9 748 1 11 9802 475 20 126 225 11276 4 
49 19 100 39 14 588 816 1257 8 37 1205 5 36 598 141 4 
18 10 162 6 2055 767 7 6585 6 4763 185 9 48963 143 1199 4 
2 639 963 19 986 24 36 450 127 53 315 30 9410 80 23091 4 
2 639 963 19 986 24 36 450 127 53 315 30 13630 13454 2201 4 
49 10 66 457 8 2 132 5 3557 7 727 65 2163 3 139 4 
4159 3 2 980 49996 29 2 2766 5 2 432 3185 37 709 6863 4 
139 3 2 11044 317 7 20 5 35 537 3 9967 6 12936 585 4 
2 639 963 19 986 24 36 450 127 53 315 30 80 2067 7955 4 
2 314 5 2 4128 8969 10 2772 16 2 6707 4251 31 1059 33 4 
651 3005 11316 6 7382 16 28762 2397 4 13913 7382 57 20 6011 39523 4 
58 70 3 22 151 66 2671 11 15 246 10 495 160 15 1369 4 
245 3043 19 13 36 132 3 28 19 419 777 13 636 5 18387 4 
13 2 402 5 2170 398 130 3 24076 6 5570 64 20 36 37569 4 
2 1121 1765 410 14 2450 41619 40 26 1179 7531 5 2 586 4903 4 
2 639 963 19 986 24 36 450 127 53 315 30 16351 1 2454 4 
18 2782 8 9 1280 1568 16 781 11 19 211 8 2 167 2855 4 
2697 5 15 40 871 490 24 58 9165 3 2 734 1323 5 196 4 
2 61 10 144 26 8 9 314 7 129 2 524 13 231 254 4 
15 52 631 2 191 5 618 2 4465 10 197 8 81 7 356 4 
22 52 440 23 7 3729 7 15 3 21 68 244 25 211 393 4 
139 3 652 942 7 25 1382 13915 81 13 2 249 5 4910 295 4 
14800 3 9 760 379 11 34 21 104 10670 21 48 673 34 6198 4 
37 236 25 2698 3 2022 6 19 859 16 1649 3 846 6 5918 4 
2 146 1 1021 3341 547 37 1021 122 6 2003 122 12 337 359 4 
8 404 2030 1 3 139 3 49 10 41 9 2471 5 16036 16398 4 
8 665 3 2 692 191 5 2899 2696 14 668 7013 40 778 16108 4 
256 3 155 3 38 2 61 26 1963 7 121 294 13 15 382 79 
9 3647 5 15 27 20 11 1831 346 50 6449 7 922 62 1418 4 
16645 10 35 146 1796 14 3047 916 1920 16 35 344 814 1943 130 4 
3065 806 160 91 9 385 1402 618 617 2 1184 5 648 1336 3 1701 
142 104 15977 74 8988 9229 4259 19 49 3 134 69 22 168 12984 79 
1 4756 19 100 1302 8 734 618 24 2 1599 5 740 1 1471 4 
51 1216 175 2 970 5 1241 38 315 8 2595 198 173 5 1105 109 
54 23 25 86 535 32 1431 75 2 1 209 1943 295 130 31 1701 
22 121 11 66 1828 6 27 414 7 69 73 193 2 2141 485 4 
22 25 3 78 10 50 3 889 77 3981 29 86 2564 30 37 4 
8082 74 1163 20914 778 118 145 7 260 451 209 6 68 149 240 4 
51 5 2 313 293 10 2 965 5 9 2691 141 5 231 330 4 
19 23 684 12 398 177 3 32 52 23 71 7 268 4888 707 79 
18 10 115 7 384 2 298 1486 7 631 75 2 5196 5 1401 4 
23 38 168 45 451 2254 14 944 13 45 2758 2233 32 23 4858 109 
1194 3 4439 32 4745 3394 6 5976 11 102 1358 7 7416 48 2089 4 
2 758 5 2 2136 1757 40 6773 8 2 1996 2158 5 2 25650 4 
2 1 34 2 1939 19066 732 5 86 96 14 153 1020 12660 32289 4 
2 72 34 100 284 7 112 81 12 131 6 131 5 1379 72 4 
51 5 94 5720 451 1887 8 2 150 5 3944 34 527 55 4778 4 
106 34 55 9 88 5 2 7681 30 2 1 1 18296 188 1324 4 
15 1938 23 7 1 7 36 1172 8 153 7 220 1172 2940 1442 4 
2 639 963 19 986 24 36 450 127 53 315 30 1 161 1703 4 
1 1 48429 1 1 1 3 30183 1 1 1 10614 1 1 1 4 
1021 4232 46 238 9 1291 482 5 2 1007 6917 1561 2173 1021 4232 4 
2 639 963 19 986 24 36 450 127 53 315 30 6336 1 26364 4 
36 413 1 10 248 13 2 22800 732 5 2 10601 3009 390 1 4 
2 639 963 19 986 24 36 450 127 53 315 30 1377 25743 12576 4 
30 2 165 72 3 17 174 1706 2 984 5 2302 16972 983 76 4 
139 3 2 1015 5 35 7424 448 57 41 20 154 5 15 99 4 
426 100 3 2 263 387 1053 40 9 95 50 107 511 824 449 4 
1850 3 1413 6 920 5 36 413 1 31 6646 3139 618 33 11148 4 
236 30 2 1 19 37 422 3715 6 268 3 2078 846 3 2599 135 
215 5081 7 25013 42 217 1 6554 18236 1 6336 1027 31 1 1 109 
2254 51 5 2 4144 6323 29 2 7043 2711 10718 1586 1618 223 772 109 
2 639 963 19 986 24 36 450 127 53 315 30 1 686 80 4 
17 844 16 196 5 2 550 567 855 6 2 103 537 1024 2737 4 
2 394 1783 12 1124 2666 7 3645 6418 8 2 1561 6 5611 271 4 
2 2041 9667 42 1329 876 329 2 1745 40 73 702 18 40 1 4 
21 16 37 5 36 1042 3 23 27 25 260 7 36 1340 839 4 
22 151 3530 3 5 216 3 7 2 249 5 205 149 6 612 4 
65 10797 48450 19 1165 7 1612 12 77 641 107 261 131 8 8286 4 
188 741 106 34 55 9 1 5 2 1566 1 14 1 1 2417 4 
8 2 143 894 106 40 3301 12 50 107 9801 412 2332 3152 8565 4 
2 639 963 19 986 24 36 450 127 53 315 30 1 1435 11732 4 
21 12 20107 9760 3 10780 5 81 7 1241 3960 19 8825 8366 93 4 
186 573 8023 8 15 804 7 2 1141 5 2349 87 7 258 666 4 
698 7 9 722 3815 3 1798 19235 38 20 3546 626 91 2 8747 4 
21 9 357 3 23 27 2441 36 1696 236 6 53 2839 7979 1915 4 
25805 6 35 14798 7 1156 19 397 26 2 3375 3700 5 2 3340 4 
73 9 407 1203 7 6853 9 1026 14 957 403 448 10 175 132 4 
7 2571 15 51 14 72 1178 3 23 27 108 9 326 340 819 4 
2 639 963 19 986 24 36 450 127 53 315 30 80 35140 12111 4 
2 1795 187 311 4539 23 8 2148 16 2 388 291 6 116 1038 4 
552 10 1587 1194 16 9 588 1125 5 1274 28 27 300 45 11523 4 
2 50 23 38 499 1447 7 308 3 2 50 15 251 38 2517 4 
206 2 8427 1021 603 3 761 13 1120 606 30 356 42 575 151 4 
100 23 57 20 228 7 2122 3631 2150 6 2 2359 57 26 2871 4 
2 226 8 222 1960 27 747 2 2901 14 4511 5373 2027 6 1796 4 
8 15 998 23 27 168 122 13 1063 134 23 38 2443 45 760 135 
1626 6 77 4 1626 3 114 2 34789 10 26 9 1543 12 29743 4 
353 35 3209 750 8 2454 3 2 160 7 20 12 43 1 43 4 
49 19 95 1993 3309 4318 3170 104 476 16 588 974 8 1 433 4 
2 639 963 19 986 24 36 450 127 53 315 30 1 5605 43411 4 
2 159 5 2 39 2436 3 6300 6 768 481 27 3333 15 99 4 
22 25 275 123 847 8 9 2665 533 3 28 1871 8 2 99 4 
56 25 55 3734 8 3 8 2 153 23 25 13 45 1317 3087 4 
2 32812 2828 27 20 4462 7 9 20554 32812 16 9 1516 20554 5322 4 
15 10 134 36 6576 15681 5074 141 31 6576 14 15789 33 705 8 4 
2 760 2279 34 9 1620 16 821 14 891 632 11 10 1988 859 4 
18 10 247 3 239 3 11 49 10 425 7 20 77 1059 1114 4 
15 9160 10 3 8 784 3 2286 24 2 2391 5 3376 1940 387 4 
2 639 963 19 986 24 36 450 127 53 315 30 13318 2173 80 4 
778 42817 315 257 552 329 2356 3 6248 678 2581 31 6941 788 33 4 
2 80 10 486 422 14 3715 4 2 80 10 277 8 9 4958 135 
31266 728 777 81 9 6855 4247 1289 16 26493 3 16 222 35734 3129 4 
2 639 963 19 986 24 36 450 127 53 315 30 1 4980 80 4 
726 3 2400 324 2 305 1670 34 55 406 11 34 55 3514 23273 4 
104 131 5 353 324 16 9 169 1645 5 2362 278 23 16 254 4 
13 2 68 431 3 2740 7 8813 64 20 3301 30 35 776 939 4 
2 639 963 19 986 24 36 450 127 53 315 30 15803 2610 80 4 
2 84 144 317 9 231 1256 11 862 12 2 1711 5 92 270 4 
542 5 2 1113 19 420 7 20 2300 7 2 61 776 8 1093 4 
5785 2102 8109 40846 1841 6552 12010 1563 5433 2497 16846 8510 2497 16846 1505 4 
7710 1 1042 46 2 226 160 7 315 8 27027 6 48 1 2678 4 
13 2 68 431 3 17 38 307 9 201 132 302 2 808 1162 4 
8 222 5 65 261 1922 3 336 19 35 616 154 5 2 504 4 
22 137 7 1095 14 3471 94 848 2 263 143 193 9 14 958 4 
2 639 963 19 986 24 36 450 127 53 315 30 80 13683 3466 4 
2 102 5 3296 505 903 40 35 115 1806 3 83 9542 2 505 4 
1 10 45 559 3060 6 45 2676 881 1754 12 2 379 5 30007 4 
58 70 3 188 2438 3 2 2541 34 3589 9 2302 3 166 3229 4 
2 828 720 534 19 41 964 93 8 2 1224 6 1946 328 380 4 
8 2 511 14 7203 579 49 98 203 627 5 113 14 166 2236 4 
1 10 2 559 881 1754 12 2 379 5 30007 8 11809 3 2618 4 
2 639 963 19 986 24 36 450 127 53 315 30 80 1703 30123 4 
2946 14 347 5943 2649 6 19388 7018 27 112 23 609 15 7979 1068 4 
2 639 963 19 986 24 36 450 127 53 315 30 16500 2765 22442 4 
216 6170 12 463 3254 27 20 197 127 1077 966 8 24160 1 1779 4 
17 2336 7 37 1310 7 646 9 11891 1195 16 45 1514 205 3270 4 
49 10 77 160 3 139 3 12 5032 290 32 169 14 622 13319 4 
2 639 963 19 986 24 36 450 127 53 315 30 80 2570 972 4 
30 45 704 3 17 27 8800 278 23 16 35 678 1079 12 540 4 
2 639 963 19 986 24 36 450 127 53 315 30 7704 2395 21358 4 
2 206 29 36 198 4 2 80 9286 2 10633 996 3569 2 11713 4 
2784 5 76 1617 7 307 133 2 636 8 36 6170 5 2 5179 4 
5060 2715 29 2 363 4655 6 5696 25 55 2899 7 7629 71 15 4 
103 11105 72 3 139 3 10 4082 7 1193 6 1119 5 3344 835 4 
1021 4232 46 238 9 1291 482 5 2 1007 6917 1561 795 1021 4232 4 
2 639 963 19 986 24 36 450 127 53 315 30 45470 1 1 4 
401 3 136 7 15 219 3 18 59 63 195 35 6322 1044 1561 4 
2 3842 8 28 2 906 27 20 2387 32 7165 29 2 1053 2983 4 
3373 59 63 293 19 3 5 216 3 13604 203 29 128 5 4805 4 
30 2 243 5 53 289 2716 3 21639 3742 6 1433 7374 284 7 1 
51 66 537 132 5 2059 15 52 20 7 1951 2 537 5392 970 4 
1 4817 33 3 28 10239 81 12897 6 38 20 1816 7 2 1 4 
18 238 404 236 3 9 173 552 6 186 1228 16 2 17532 3825 4 
45 1904 8 38 27832 3 5597 27 20 185 9 1412 1137 6 2669 4 
44 17 204 2 382 10 4163 46 23 1854 76 18 40 131 685 109 
